499,135 496.8,78
270,237 265,180
66,420 61,364
299,238 295,181
497,138 494,81
396,139 393,82
133,366 128,310
237,355 233,301
402,142 398,85
338,274 334,220
231,326 227,272
231,322 227,268
229,310 225,256
339,333 335,278
81,156 75.6,97.2
258,219 254,161
581,293 578,239
203,248 199,191
300,357 296,303
412,161 409,104
61,412 56,356
211,124 206,66
332,345 328,290
297,360 293,305
386,119 382,62
429,184 426,127
115,186 109,128
191,191 186,135
208,121 203,62
506,89 503,32
273,232 269,175
569,289 567,235
214,335 210,281
311,345 307.2,290.4
364,414 360,361
115,180 110,122
220,328 215,274
486,139 483,82
205,226 200,169
430,414 427,361
303,356 299,301
356,203 352,146
561,331 558,277
189,194 184,137
407,384 404,331
582,332 579,279
565,263 562,208
546,321 543,267
231,119 226,61
406,397 403,343
402,393 399,339
571,282 568,229
136,402 131,347
270,236.4 265.2,180
295.2,358.8 291.6,304.8
108,114 102,55.2
230.4,322.8 226.8,268.8
496.8,138 493.2,80.4
322.8,345.6 320.4,291.6
240,354 236.4,300
207.6,121.2 202.8,62.4
499.2,135.6 496.8,78
571.2,282 568.8,228
402,141.6 397.2,84
211.2,123.6 206.4,66
429.6,183.6 426,127.2
115.2,186 110.4,128.4
319.2,342 315.6,286.8
190.8,190.8 186,134.4
61.2,412.8 55.2,356.4
136.8,402 132,346.8
235.2,144 230.4,86.4
429.6,412.8 426,360
392.4,129.6 388.8,72
412.8,160.8 409.2,103.2
273.6,231.6 268.8,175.2
66,420 61.2,364.8
82.8,163.2 76.8,104.4
146.4,367.2 141.6,312
238.8,108 234,49.2
474,171.6 470.88,115.2
312,344.4 307.2,290.4
192,265.2 187.2,208.8
332.4,344.4 328.8,289.2
81.6,154.8 75.6,97.2
394.8,133.2 391.2,75.6
363.6,414 360,360
229.2,309.6 224.4,255.6
564,261.6 561.6,207.6
297.6,237.6 294,180
258,218.4 254.4,160.8
537.6,295.2 534,241.2
100.8,364.8 95.04,308.16
486,138 482.4,81.6
403.2,393.6 399.6,339.6
560.4,330 558,276
546,320.4 543.6,266.4
408,384 404.4,331.2
396,139.2 392.4,81.6
222,325.2 217.2,271.2
220.8,144 216,86.4
356.4,202.8 352.8,145.2
296.64,236.16 292.32,180
427.68,182.88 424.8,126.72
498.24,135.36 496.8,78
207.36,122.4 203.04,63.36
115.2,185.76 109.44,128.16
190.08,191.52 185.76,133.92
138.24,400.32 133.92,345.6
414.72,397.44 411.84,344.16
442.08,393.12 439.2,339.84
404.64,393.12 401.76,339.84
401.76,393.12 398.88,339.84
126.72,198.72 120.96,141.12
82.08,162.72 76.8,104.4
122.4,407.52 116.64,352.8
384.48,119.52 381.6,61.92
228.96,119.52 224.64,61.92
60.48,413.28 56.16,357.12
396,138.24 391.68,82.08
144,367.2 139.68,311.04
495.36,138.24 492.48,80.64
113.76,180 109.44,122.4
480.96,139.68 478.08,83.52
100.8,364.32 95.04,308.16
473.76,171.36 470.88,115.2
469.44,360 465.12,305.28
293.76,358.56 290.88,303.84
234.72,142.56 230.4,83.52
257.76,218.88 253.44,161.28
273.6,231.84 269.28,175.68
211.68,123.84 206.4,66
289.44,115.2 285.12,56.16
151.2,352.8 146.88,296.64
269.28,236.16 264.96,178.56
285.12,226.08 280.8,169.92
475.2,152.64 472.32,96.48
80.64,154.08 74.88,96.48
322.56,345.6 318.24,290.88
318.24,341.28 313.92,286.56
545.76,321.12 542.88,266.4
108,113.76 103.68,56.16
171.36,322.56 165.6,266.4
338.4,332.64 334.08,277.92
406.08,384.48 403.2,331.2
413.28,141.12 408.96,83.52
411.84,161.28 408.96,103.68
81.216,153.792 76.032,95.04
112.32,181.44 107.136,122.688
428.544,183.168 425.088,126.144
190.08,191.808 184.896,133.056
126.144,198.72 120.96,141.696
355.968,200.448 352.512,143.078
188.352,174.528 183.168,117.504
207.36,122.688 203.213,64.2816
228.096,120.96 224.64,62.208
107.136,114.048 101.952,55.296
399.168,139.968 395.712,82.944
203.904,235.008 200.448,177.984
297.216,236.736 293.76,179.712
269.568,236.736 264.384,179.712
293.76,357.696 290.304,304.128
406.08,393.984 400.896,340.416
414.72,397.44 410.573,342.144
107.136,371.52 101.952,316.224
473.472,172.8 470.016,115.776
143.424,368.064 138.24,312.768
350.784,196.992 347.328,141.696
442.368,393.984 438.912,340.416
330.048,345.6 326.592,290.304
466.56,359.424 463.104,305.856
283.392,139.968 279.936,82.944
309.312,350.784 305.856,295.488
537.408,295.488 533.952,241.92
233.28,186.624 228.096,129.6
385.344,120.96 381.888,63.936
317.261,342.144 313.114,288.23
323.482,344.218 319.334,290.304
116.122,184.55 109.901,126.49
329.702,344.218 325.555,288.23
124.416,196.992 120.269,141.005
466.56,358.733 464.486,304.819
205.286,234.317 200.448,177.984
111.974,180.403 105.754,122.342
188.698,174.182 182.477,116.122
105.754,369.101 101.606,313.114
207.36,122.342 203.213,64.2816
201.139,250.906 196.992,192.845
296.525,234.317 292.378,178.33
470.707,172.109 468.634,116.122
427.162,182.477 425.503,124.416
103.68,364.954 97.4592,308.966
398.131,138.931 396.058,82.944
292.378,356.659 290.304,302.746
495.59,134.784 493.517,78.7968
408.499,147.226 404.352,91.2384
101.606,207.36 95.3856,149.299
537.062,294.451 534.989,240.538
80.8704,153.446 77.1379,94.5562
284.083,141.005 279.936,82.944
443.75,391.91 439.603,340.07
337.997,331.776 333.85,277.862
275.789,149.299 271.642,91.2384
350.438,196.992 346.291,141.005
298.598,311.04 294.451,257.126
467.804,360.806 465.316,306.063
256.297,216.484 251.32,159.253
111.974,179.159 106.998,121.928
82.1146,154.276 77.1379,94.5562
199.066,248.832 196.577,191.601
186.624,174.182 184.136,116.951
102.021,206.531 95.5515,152.285
298.598,311.04 293.622,256.297
106.998,365.783 102.021,311.04
201.554,241.367 196.577,184.136
121.928,211.507 116.951,154.276
298.598,233.902 293.622,176.671
204.042,233.902 199.066,176.671
325.97,343.388 320.993,288.645
293.622,355.83 291.134,301.087
151.788,355.83 146.811,298.598
124.416,196.577 119.439,139.346
236.39,199.066 231.414,141.834
82.1146,228.925 77.1379,171.694
427.991,181.647 425.503,124.416
258.785,228.925 253.809,171.694
435.456,179.159 432.968,122.425
276.204,149.299 271.227,92.0679
338.412,204.042 333.435,146.811
348.365,196.577 345.877,141.834
233.902,186.624 228.925,129.393
89.5795,139.346 82.1146,82.1146
482.734,139.346 480.246,82.1146
283.669,141.834 281.18,84.6029
200.061,238.879 197.075,182.145
101.523,206.033 95.5515,152.285
474.772,164.229 471.786,107.495
316.514,343.388 313.528,289.641
325.472,343.388 322.486,286.655
283.669,226.935 280.683,170.201
119.439,212.005 116.951,154.276
468.8,170.201 465.814,113.467
292.627,355.332 289.641,301.584
253.809,217.977 250.823,158.257
149.299,355.332 146.313,298.598
298.598,310.542 292.627,256.795
259.781,226.935 253.809,170.201
286.655,313.528 280.683,259.781
474.772,170.201 471.786,113.467
110.481,179.159 104.509,122.425
107.495,364.29 101.523,310.542
235.893,200.061 229.921,143.327
161.243,349.36 155.271,292.627
409.08,149.299 406.094,92.5655
349.36,197.075 345.877,141.834
236.49,204.241 232.907,146.91
315.32,347.569 311.737,290.238
326.07,340.402 322.486,286.655
333.236,326.07 326.07,272.322
293.821,311.737 286.655,254.406
197.075,254.406 193.492,193.492
297.404,232.907 293.821,175.576
283.071,229.324 279.488,171.993
257.989,229.324 254.406,171.993
254.406,218.574 247.24,161.243
118.245,211.408 114.662,154.077
326.07,204.241 322.486,150.494
236.49,186.325 229.324,128.995
422.815,175.576 419.232,118.245
469.397,171.993 465.814,114.662
197.075,218.574 193.492,161.243
268.739,232.907 261.572,175.576
